USDT: $13732.16
BTC:  0.959820
ETH:  0.688800
SOL:  0.030000
