USDT: $14595.29
BTC:  0.959820
ETH:  0.250200
SOL:  0.030000
